-7.365914936219297715e-06 -6.787466837687716747e-06
9.939696715699497531e-07 1.578210146124803259e-06
-1.104669811270442281e-04 -9.541775032262389544e-05
5.734092798359569088e-07 3.823795474700020236e-07
4.609745463124426124e-08 3.173579443682683632e-08
-1.626080764971504777e-05 -2.001734422751866305e-05
5.410574009667712403e-05 5.368451700948906335e-05
1.283553656472591342e-06 2.139716047677708843e-06
1.537151361752364664e-07 9.131515553706393007e-07
9.748047940806303657e-04 9.554569244117905313e-04
-1.134465857828281798e-04 -1.054886892110085128e-04
1.339946050116225251e-06 -6.494242543730877060e-07
1.698777471592638477e-05 1.646713146585820908e-05
4.049089782465209453e-06 5.494580568643492313e-06
4.726211379479927643e-06 4.498256028329095102e-06
-1.750656337717870770e-05 -1.561086516643772626e-05
-5.835910426021939656e-07 -5.843096075874854023e-07
-4.618938054257171189e-08 1.244449833182059706e-07
-7.252344921293563118e-05 -6.999939426566292866e-05
-8.036856559812122214e-06 -9.878903339033406894e-06
2.814351885982446788e-07 -2.000851060390829161e-07
2.274104520372244309e-05 2.193774124514824564e-05
-1.301469633131491221e-04 -1.406240749363130149e-04
-1.387049612944224464e-07 3.743713263837378236e-07
4.120463312773381404e-07 -4.857581348272077548e-08
9.235571458710012394e-07 4.901702491677539797e-07
1.294015782193902453e-06 1.205902222412014169e-06
-4.739236362460985674e-06 3.020722816216014905e-06
3.389930744734925838e-05 3.376777509889183904e-05
6.461595121187713175e-06 7.334620550691894891e-06
-3.425300706275669071e-04 -3.345216656663874133e-04
1.181455300752753956e-04 1.215054124393821766e-04
1.617151299537766818e-06 1.170971487218785967e-06
-2.391414486214715751e-04 -2.107008796567999553e-04
1.288614422501055401e-06 -1.287273780903319675e-07
4.244162657984773546e-07 8.376943642085521446e-07
-3.910532214712603150e-07 -3.642574119000485666e-07
1.561091322987984142e-06 2.703924489644293772e-06
-7.398335277741807658e-09 -5.976965045118021180e-08
-4.315599211324183671e-09 -5.513251966071663901e-09
-4.741511752481830655e-04 -4.458128891675627870e-04
6.639053720114418411e-07 1.455929451998905222e-06
-5.062858736459840969e-05 -4.374657348027444215e-05
-2.175867477471893352e-05 -2.143959464095956946e-05
1.793540550520944521e-07 5.934277358399242530e-08
1.766355045562661985e-07 1.162094403817093280e-06
1.394194137238624620e-05 1.329033900676623858e-05
-1.357432023041393876e-05 -1.809477007608251142e-05
2.741786016335900911e-06 3.715639385393210148e-06
1.344592405194688922e-06 1.592590418431072408e-06
7.427991130626310223e-06 5.440079841934064575e-06
2.994041430226523914e-06 1.649973037753937888e-06
-2.672767171474355052e-06 1.300844278184776215e-06
-4.540744376424488138e-05 -4.915412238859495631e-05
6.040849257349378831e-05 4.260400278577325395e-05
3.029135327015097801e-07 2.559194313134227627e-07
2.691674546795308487e-05 3.652456186553632023e-05
1.262976336624532792e-06 2.236979331105004576e-06
5.845504086998687399e-06 6.431091773895225572e-06
7.743835395146447809e-07 1.340241212122172954e-06
-4.430868817517641389e-06 -1.442432307274810199e-05
-7.759097086257327192e-05 -8.640696982187279218e-05
-6.085576941261550132e-07 -5.015306308031597382e-07
2.382299354231065536e-06 -3.989126831083211755e-06
-2.098692127305845645e-06 -1.389379304161941775e-06
-1.853001957763389385e-06 -1.987517864843191262e-06
-1.073585857880310357e-06 2.548452050277205672e-06
3.510016734376009140e-06 3.959263121022793541e-06
6.253673856537744769e-08 1.062724552802762901e-07
1.189896925124500626e-05 1.230218731607113369e-05
5.345063071283684408e-04 5.305876614998261687e-04
-1.366007991165929525e-06 -1.652709242794259126e-06
2.059239939633528138e-05 1.651502307786767432e-05
1.111516358953679173e-06 6.275906673014475246e-06
3.665135674646435859e-05 2.248938139903788880e-05
3.240492636336078647e-06 5.350746056564936737e-06
-1.065709385628110795e-05 -1.163741666054818324e-05
-2.669824293417555339e-04 -2.616698706623399318e-04
6.388874363150165436e-05 6.352641514151269320e-05
-1.782629592828044451e-07 -3.529769465604459810e-08
-3.581245076822447970e-06 -6.202376116037910947e-06
1.928530227912617079e-05 2.073357552334620379e-05
-4.768069402083519037e-06 -2.692783742319626583e-06
-2.079682808076022127e-06 -1.140403811605850137e-06
1.180170102166311352e-05 9.570758275678770133e-06
-4.264978054058232715e-07 -3.069116116805048478e-08
5.359455521314338000e-05 5.273028829533288331e-05
-3.072671796300330271e-05 -3.093449265190173492e-05
9.193893013570431094e-08 7.897315301708118795e-08
2.568087854482037358e-06 3.166522886344225185e-06
-7.196910876139384072e-07 -6.387748673342130701e-07
6.361388511511023580e-07 6.138882543416102067e-07
2.562143303475039602e-04 2.866293336939440550e-04
1.233885286736624565e-04 1.190345003917459010e-04
-9.917215646471078117e-07 -8.398784924201763147e-07
-5.115538371569527953e-06 -6.596449119378178239e-06
7.808071013148953909e-05 6.884326251421768461e-05
3.868071601675904247e-05 2.166109286405593082e-05
-1.771818602552821531e-04 -1.667182424369695326e-04
-1.382338132727145563e-05 -1.560296764580026974e-05
2.770255673523180917e-06 1.969093021081391726e-06
4.003655503059810883e-05 3.930590187384286338e-05
1.681181370386530816e-04 1.665639599658375047e-04
1.623348156232218287e-06 1.971762759400697007e-06
-9.473501833556774443e-06 -1.437325235209563346e-05
2.521527515060295599e-04 2.790034921711370686e-04
-1.160689990342689271e-06 -4.587705720870971504e-07
6.864606987955212958e-06 1.042918879701204560e-05
7.016891855449181037e-06 1.228865098767961683e-05
-1.700018416762594242e-04 -1.574079192454558296e-04
-2.533702747489208207e-04 -2.473762834460657700e-04
-7.327660876965680359e-07 -1.552993604714281162e-06
7.553670294924152984e-06 7.978740173220089105e-06
-1.810810879021573783e-08 -2.633352824688017790e-08
2.168310208050527876e-06 1.715776713595573710e-06
2.060938313741544903e-05 2.331587140891322463e-05
-1.150547820572001001e-06 -1.073576922139274359e-06
-1.597553136093443626e-04 -1.590768414556631427e-04
6.254946867123578613e-07 4.670565113551461423e-07
2.103851469733575286e-04 2.002131327166756236e-04
-1.836152309405703065e-04 -1.953317532082943231e-04
6.580745761097794855e-06 6.663050873489950732e-06
-9.714318401465860120e-06 -7.066691081969445065e-06
-6.036593885871965881e-07 -7.087739133382342516e-07
6.785113144427423748e-04 6.674131379807990427e-04
2.569887825876193688e-07 9.354588117460593821e-07
-8.934557132578291316e-06 -1.013057338061784662e-05
-1.519609310786096401e-04 -1.599523836600669213e-04
-9.563610857721283054e-05 -9.444105272105041138e-05
-5.648615113118538034e-05 -5.452593211074940882e-05
2.746237303297149879e-05 3.282829045136992363e-05
-1.314053421630489993e-09 4.116781027185822950e-09
-7.469486711975115156e-05 -6.440807871255227468e-05
-1.257653090795951556e-04 -1.149652147396373891e-04
-2.795638947006295894e-07 1.972032436237114439e-07
-1.003555305125747310e-04 -1.096594093935587821e-04
-1.384198439342565479e-04 -1.090143350779282372e-04
-6.557209423796450665e-05 -6.353729508234984280e-05
-4.377419745016375430e-06 -4.352680707198075538e-06
-2.999644153167668748e-05 -4.077417231052038460e-05
1.499842155716635261e-04 1.644238188721613980e-04
-1.721260934450796753e-06 4.502735873046503912e-08
6.725137861818275553e-06 7.025775123237210096e-06
5.014029706873479597e-06 4.625281246450896333e-06
3.131466611572264469e-06 7.095687671654360429e-06
9.605407088608686195e-07 7.494191919255044354e-07
-6.189793184885328259e-05 -6.474594374550335374e-05
-2.275520372130301894e-08 2.758421269177802060e-09
7.276245043597029394e-06 1.131457601644125788e-05
1.851166578803464802e-06 1.887063003636058056e-06
1.411900970582635750e-07 2.520153797869184586e-07
-1.452477728092205211e-07 -8.732706191505457127e-08
-4.880691986142160488e-05 -5.355307740351200607e-05
4.032895112970891205e-06 5.305978190373039638e-06
1.755676929005545173e-02 1.756665230205911588e-02
-3.255238315424957563e-05 -2.961808032231338927e-05
2.781980136035144824e-06 2.006478503457920226e-06
1.215536051812904361e-07 3.017094344359705360e-07
6.076211251615504239e-05 5.983075338489296513e-05
1.382023508111895893e-05 1.052845034288374393e-05
3.139014652719929188e-05 3.023435930626927615e-05
7.439284216681496531e-05 8.434735360129952397e-05
-2.055458326907233513e-04 -2.165481697321558485e-04
-1.079252456726020881e-05 -1.031951862395796837e-05
5.955232674770272183e-07 3.090319351972681261e-06
-2.247476193040220949e-06 -2.618147336486131849e-06
-2.273657742712931196e-05 -2.283185129769993438e-05
2.637145365746995651e-06 2.988559172023563804e-06
-7.630657348767222459e-06 -7.329215503504293849e-06
-6.590155230301597555e-06 -7.567084063575535424e-06
-1.593171958236272445e-05 -1.546195533108640774e-05
-2.344733297632295432e-06 -1.321427981482159453e-06
-2.073578158257038950e-05 -1.955070987746942990e-05
-1.182517869180443881e-07 -1.252294875575543642e-07
1.199824589903641936e-06 1.702263355496391739e-06
3.929974997540774950e-06 3.930741684698979554e-06
