2.892240492657904838e-07
2.921202372774267531e-07
7.524615402210166337e-06
9.551486618297744258e-08
7.180830097208712459e-09
1.878268288901807637e-06
2.106115435940303371e-07
4.280811956025587506e-07
3.797182095977014171e-07
9.673934834419917195e-06
3.978948285909833515e-06
9.946851522446564786e-07
2.603216250340878446e-07
7.227453930891414302e-07
1.139776755754162707e-07
9.478491053704907188e-07
3.592824926457183210e-10
8.531718193038884124e-08
1.262027473636351260e-06
9.210233896106423401e-07
2.407601473186637975e-07
4.016519792870987260e-07
5.238555811581946386e-06
2.565381438390801350e-07
2.303110723800294579e-07
2.166934483516236298e-07
4.405677989094414215e-08
3.879979589338500290e-06
6.576617422870967289e-08
4.365127147520908579e-07
4.004202480589746926e-06
1.679941182053390492e-06
2.230899061594904254e-07
1.422028448233580988e-05
7.086709002956936843e-07
2.066390492050373950e-07
1.339790478560587417e-08
5.714165833281548146e-07
2.618565758671920207e-08
5.988263773737401152e-10
1.416914304031013927e-05
3.960120399937316904e-07
3.441006942161983773e-06
1.595400668796820298e-07
6.000564073405101340e-08
4.927294496304135407e-07
3.258011828100038088e-07
2.260224922834286332e-06
4.869266845286546186e-07
1.239990066181917427e-07
9.939556443461228241e-07
6.720341962362930133e-07
1.986805724829565634e-06
1.873339312175037463e-06
8.902244893860267183e-06
2.349705069404350866e-08
4.803908198791617679e-06
4.870014972402358921e-07
2.927938434482690866e-07
2.829288363037640863e-07
4.996727127615230302e-06
4.407999479649760133e-06
5.351353166149763751e-08
3.185713092657138645e-06
3.546564115719519350e-07
6.725795353990093872e-08
1.811018954078758014e-06
2.246231933233922007e-07
2.186785835744942119e-08
2.016090324130637157e-07
1.959322814271136082e-06
1.433506258141648004e-07
2.038688159233803532e-06
2.582195157030398036e-06
7.080987673713234898e-06
1.055126710114429045e-06
4.901614021335376492e-07
2.656279339707801057e-06
1.811642449944805833e-07
7.148263231337992352e-08
1.310565519607731488e-06
7.241366221100165035e-07
1.037642829881946227e-06
4.696394982350859948e-07
1.115471372992171695e-06
1.979033221188863934e-07
4.321334589052483466e-07
1.038873444492161013e-07
6.482888559311561494e-09
2.992175159310939137e-07
4.045811013986266858e-08
1.112529840474607568e-08
1.520750167322004742e-05
2.177014140958277721e-06
7.592153611346574849e-08
7.404553739043251426e-07
4.618723808635927242e-06
8.509811576351555829e-06
5.231808909156310250e-06
8.897931592644070520e-07
4.005813262208945957e-07
3.653265783776227238e-07
7.770885364077884105e-07
1.742073015842393602e-07
2.449875259269429506e-06
1.342537033255375434e-05
3.509597091277960601e-07
1.782290904528416320e-06
2.635879566115217898e-06
6.296961215401797318e-06
2.996995651427525331e-06
4.101137585088565629e-07
2.125349391479680605e-07
4.112709728332220038e-09
2.262667472274770830e-07
1.353244135748887800e-06
3.848544921636332106e-08
3.392360768406099680e-07
7.921908767860585954e-08
5.086007128340952477e-06
5.858261133862008307e-06
4.115255619607793847e-08
1.323813659748207527e-06
5.255726237551883173e-08
5.549088230971666036e-06
3.392350145792200067e-07
5.980081240197776538e-07
3.995726290728640606e-06
5.975279280812095806e-07
9.801095102179857577e-07
2.682958709199212421e-06
2.715417224408156471e-09
5.143394203599438441e-06
5.400047169978883232e-06
2.383835691621705166e-07
4.651939440492025568e-06
1.470275442816415534e-05
1.017399577807331923e-06
1.236951890914994578e-08
5.388865389421848562e-06
7.219801650248935942e-06
8.831441465906308963e-07
1.503186307094672713e-07
1.943742302112916320e-07
1.982110530041047980e-06
1.055607584676820920e-07
1.424005948325035575e-06
1.275681249524041050e-08
2.019165486422114242e-06
1.794821241629662723e-08
5.541264136432744181e-08
2.896035544708297493e-08
2.373078771045200597e-06
6.365415387010742165e-07
4.941506001832074446e-06
1.467151415968093175e-06
3.877508162886122989e-07
9.007791462734004995e-08
4.656795656310386278e-07
1.645892369117607501e-06
5.778936104650078676e-07
4.977255717242279331e-06
5.501168520716248622e-06
2.365029716511202196e-07
1.247398042247827021e-06
1.853355717229554500e-07
4.763693528531121046e-08
1.757069031382840762e-07
1.507209226314643047e-07
4.884644166369689344e-07
2.348821256381583567e-07
5.116526580750679898e-07
5.925358525504798024e-07
3.488850319754988050e-09
2.512193827963749015e-07
3.833435791023021011e-10
