[[-7.36591494e-06 -6.78746684e-06]
 [ 9.93969672e-07  1.57821015e-06]
 [-1.10466981e-04 -9.54177503e-05]
 [ 5.73409280e-07  3.82379547e-07]
 [ 4.60974546e-08  3.17357944e-08]
 [-1.62608076e-05 -2.00173442e-05]
 [ 5.41057401e-05  5.36845170e-05]
 [ 1.28355366e-06  2.13971605e-06]
 [ 1.53715136e-07  9.13151555e-07]
 [ 9.74804794e-04  9.55456924e-04]
 [-1.13446586e-04 -1.05488689e-04]
 [ 1.33994605e-06 -6.49424254e-07]
 [ 1.69877747e-05  1.64671315e-05]
 [ 4.04908978e-06  5.49458057e-06]
 [ 4.72621138e-06  4.49825603e-06]
 [-1.75065634e-05 -1.56108652e-05]
 [-5.83591043e-07 -5.84309608e-07]
 [-4.61893805e-08  1.24444983e-07]
 [-7.25234492e-05 -6.99993943e-05]
 [-8.03685656e-06 -9.87890334e-06]
 [ 2.81435189e-07 -2.00085106e-07]
 [ 2.27410452e-05  2.19377412e-05]
 [-1.30146963e-04 -1.40624075e-04]
 [-1.38704961e-07  3.74371326e-07]
 [ 4.12046331e-07 -4.85758135e-08]
 [ 9.23557146e-07  4.90170249e-07]
 [ 1.29401578e-06  1.20590222e-06]
 [-4.73923636e-06  3.02072282e-06]
 [ 3.38993074e-05  3.37677751e-05]
 [ 6.46159512e-06  7.33462055e-06]
 [-3.42530071e-04 -3.34521666e-04]
 [ 1.18145530e-04  1.21505412e-04]
 [ 1.61715130e-06  1.17097149e-06]
 [-2.39141449e-04 -2.10700880e-04]
 [ 1.28861442e-06 -1.28727378e-07]
 [ 4.24416266e-07  8.37694364e-07]
 [-3.91053221e-07 -3.64257412e-07]
 [ 1.56109132e-06  2.70392449e-06]
 [-7.39833528e-09 -5.97696505e-08]
 [-4.31559921e-09 -5.51325197e-09]
 [-4.74151175e-04 -4.45812889e-04]
 [ 6.63905372e-07  1.45592945e-06]
 [-5.06285874e-05 -4.37465735e-05]
 [-2.17586748e-05 -2.14395946e-05]
 [ 1.79354055e-07  5.93427736e-08]
 [ 1.76635505e-07  1.16209440e-06]
 [ 1.39419414e-05  1.32903390e-05]
 [-1.35743202e-05 -1.80947701e-05]
 [ 2.74178602e-06  3.71563939e-06]
 [ 1.34459241e-06  1.59259042e-06]
 [ 7.42799113e-06  5.44007984e-06]
 [ 2.99404143e-06  1.64997304e-06]
 [-2.67276717e-06  1.30084428e-06]
 [-4.54074438e-05 -4.91541224e-05]
 [ 6.04084926e-05  4.26040028e-05]
 [ 3.02913533e-07  2.55919431e-07]
 [ 2.69167455e-05  3.65245619e-05]
 [ 1.26297634e-06  2.23697933e-06]
 [ 5.84550409e-06  6.43109177e-06]
 [ 7.74383540e-07  1.34024121e-06]
 [-4.43086882e-06 -1.44243231e-05]
 [-7.75909709e-05 -8.64069698e-05]
 [-6.08557694e-07 -5.01530631e-07]
 [ 2.38229935e-06 -3.98912683e-06]
 [-2.09869213e-06 -1.38937930e-06]
 [-1.85300196e-06 -1.98751786e-06]
 [-1.07358586e-06  2.54845205e-06]
 [ 3.51001673e-06  3.95926312e-06]
 [ 6.25367386e-08  1.06272455e-07]
 [ 1.18989693e-05  1.23021873e-05]
 [ 5.34506307e-04  5.30587661e-04]
 [-1.36600799e-06 -1.65270924e-06]
 [ 2.05923994e-05  1.65150231e-05]
 [ 1.11151636e-06  6.27590667e-06]
 [ 3.66513567e-05  2.24893814e-05]
 [ 3.24049264e-06  5.35074606e-06]
 [-1.06570939e-05 -1.16374167e-05]
 [-2.66982429e-04 -2.61669871e-04]
 [ 6.38887436e-05  6.35264151e-05]
 [-1.78262959e-07 -3.52976947e-08]
 [-3.58124508e-06 -6.20237612e-06]
 [ 1.92853023e-05  2.07335755e-05]
 [-4.76806940e-06 -2.69278374e-06]
 [-2.07968281e-06 -1.14040381e-06]
 [ 1.18017010e-05  9.57075828e-06]
 [-4.26497805e-07 -3.06911612e-08]
 [ 5.35945552e-05  5.27302883e-05]
 [-3.07267180e-05 -3.09344927e-05]
 [ 9.19389301e-08  7.89731530e-08]
 [ 2.56808785e-06  3.16652289e-06]
 [-7.19691088e-07 -6.38774867e-07]
 [ 6.36138851e-07  6.13888254e-07]
 [ 2.56214330e-04  2.86629334e-04]
 [ 1.23388529e-04  1.19034500e-04]
 [-9.91721565e-07 -8.39878492e-07]
 [-5.11553837e-06 -6.59644912e-06]
 [ 7.80807101e-05  6.88432625e-05]
 [ 3.86807160e-05  2.16610929e-05]
 [-1.77181860e-04 -1.66718242e-04]
 [-1.38233813e-05 -1.56029676e-05]
 [ 2.77025567e-06  1.96909302e-06]
 [ 4.00365550e-05  3.93059019e-05]
 [ 1.68118137e-04  1.66563960e-04]
 [ 1.62334816e-06  1.97176276e-06]
 [-9.47350183e-06 -1.43732524e-05]
 [ 2.52152752e-04  2.79003492e-04]
 [-1.16068999e-06 -4.58770572e-07]
 [ 6.86460699e-06  1.04291888e-05]
 [ 7.01689186e-06  1.22886510e-05]
 [-1.70001842e-04 -1.57407919e-04]
 [-2.53370275e-04 -2.47376283e-04]
 [-7.32766088e-07 -1.55299360e-06]
 [ 7.55367029e-06  7.97874017e-06]
 [-1.81081088e-08 -2.63335282e-08]
 [ 2.16831021e-06  1.71577671e-06]
 [ 2.06093831e-05  2.33158714e-05]
 [-1.15054782e-06 -1.07357692e-06]
 [-1.59755314e-04 -1.59076841e-04]
 [ 6.25494687e-07  4.67056511e-07]
 [ 2.10385147e-04  2.00213133e-04]
 [-1.83615231e-04 -1.95331753e-04]
 [ 6.58074576e-06  6.66305087e-06]
 [-9.71431840e-06 -7.06669108e-06]
 [-6.03659389e-07 -7.08773913e-07]
 [ 6.78511314e-04  6.67413138e-04]
 [ 2.56988783e-07  9.35458812e-07]
 [-8.93455713e-06 -1.01305734e-05]
 [-1.51960931e-04 -1.59952384e-04]
 [-9.56361086e-05 -9.44410527e-05]
 [-5.64861511e-05 -5.45259321e-05]
 [ 2.74623730e-05  3.28282905e-05]
 [-1.31405342e-09  4.11678103e-09]
 [-7.46948671e-05 -6.44080787e-05]
 [-1.25765309e-04 -1.14965215e-04]
 [-2.79563895e-07  1.97203244e-07]
 [-1.00355531e-04 -1.09659409e-04]
 [-1.38419844e-04 -1.09014335e-04]
 [-6.55720942e-05 -6.35372951e-05]
 [-4.37741975e-06 -4.35268071e-06]
 [-2.99964415e-05 -4.07741723e-05]
 [ 1.49984216e-04  1.64423819e-04]
 [-1.72126093e-06  4.50273587e-08]
 [ 6.72513786e-06  7.02577512e-06]
 [ 5.01402971e-06  4.62528125e-06]
 [ 3.13146661e-06  7.09568767e-06]
 [ 9.60540709e-07  7.49419192e-07]
 [-6.18979318e-05 -6.47459437e-05]
 [-2.27552037e-08  2.75842127e-09]
 [ 7.27624504e-06  1.13145760e-05]
 [ 1.85116658e-06  1.88706300e-06]
 [ 1.41190097e-07  2.52015380e-07]
 [-1.45247773e-07 -8.73270619e-08]
 [-4.88069199e-05 -5.35530774e-05]
 [ 4.03289511e-06  5.30597819e-06]
 [ 1.75567693e-02  1.75666523e-02]
 [-3.25523832e-05 -2.96180803e-05]
 [ 2.78198014e-06  2.00647850e-06]
 [ 1.21553605e-07  3.01709434e-07]
 [ 6.07621125e-05  5.98307534e-05]
 [ 1.38202351e-05  1.05284503e-05]
 [ 3.13901465e-05  3.02343593e-05]
 [ 7.43928422e-05  8.43473536e-05]
 [-2.05545833e-04 -2.16548170e-04]
 [-1.07925246e-05 -1.03195186e-05]
 [ 5.95523267e-07  3.09031935e-06]
 [-2.24747619e-06 -2.61814734e-06]
 [-2.27365774e-05 -2.28318513e-05]
 [ 2.63714537e-06  2.98855917e-06]
 [-7.63065735e-06 -7.32921550e-06]
 [-6.59015523e-06 -7.56708406e-06]
 [-1.59317196e-05 -1.54619553e-05]
 [-2.34473330e-06 -1.32142798e-06]
 [-2.07357816e-05 -1.95507099e-05]
 [-1.18251787e-07 -1.25229488e-07]
 [ 1.19982459e-06  1.70226336e-06]
 [ 3.92997500e-06  3.93074168e-06]]