-7.076690886953507231e-06
1.286089908847376506e-06
-1.029423657248340618e-04
4.778944136529794662e-07
3.891662453403554878e-08
-1.813907593861685541e-05
5.389512855308309369e-05
1.711634852075150093e-06
5.334333457729378836e-07
9.651308592462104485e-04
-1.094676374969183463e-04
3.452608978715687726e-07
1.672745309089229693e-05
4.771835175554350883e-06
4.612233703904511373e-06
-1.655871427180821698e-05
-5.839503250948396840e-07
3.912780138781712935e-08
-7.126142173929927992e-05
-8.957879949422764554e-06
4.067504127958088134e-08
2.233939322443534437e-05
-1.353855191247310685e-04
1.178331825446576886e-07
1.817352588973086824e-07
7.068636975193776095e-07
1.249959002302958311e-06
-8.592567731224853844e-07
3.383354127312054871e-05
6.898107835939804033e-06
-3.385258681469771602e-04
1.198254712573287861e-04
1.394061393378276392e-06
-2.249211641391357652e-04
5.799435222053617167e-07
6.310553150035147496e-07
-3.776553166856544408e-07
2.132507906316138957e-06
-3.358399286446100973e-08
-4.914425588697923786e-09
-4.599820322078729262e-04
1.059917412005173531e-06
-4.718758042243642592e-05
-2.159913470783925149e-05
1.193484143180434387e-07
6.693649541866797392e-07
1.361614018957624239e-05
-1.583454515324822509e-05
3.228712700864555529e-06
1.468591411812880665e-06
6.434035486280187399e-06
2.322007233990230901e-06
-6.859614466447894188e-07
-4.728078307641991884e-05
5.150624767963352113e-05
2.794164820074662714e-07
3.172065366674470255e-05
1.749977833864768684e-06
6.138297930446956485e-06
1.057312375818408867e-06
-9.427595945132871691e-06
-8.199897034222303205e-05
-5.550441624646573757e-07
-8.034137384260731096e-07
-1.744035715733893710e-06
-1.920259911303290323e-06
7.374330961984476573e-07
3.734639927699401341e-06
8.440459692282686888e-08
1.210057828365806998e-05
5.325469843140973047e-04
-1.509358616980094325e-06
1.855371123710147785e-05
3.693711515984077209e-06
2.957036907275112370e-05
4.295619346450507692e-06
-1.114725525841464560e-05
-2.643261500020477328e-04
6.370757938650717378e-05
-1.067803269694245216e-07
-4.891810596430179459e-06
2.000943890123618729e-05
-3.730426572201572810e-06
-1.610043309840936132e-06
1.068622964867094183e-05
-2.285944832869368781e-07
5.316242175423813165e-05
-3.083060530745251882e-05
8.545604157639274945e-08
2.867305370413131271e-06
-6.792329774740757387e-07
6.250135527463562823e-07
2.714218320207240076e-04
1.212115145327041787e-04
-9.158000285336420632e-07
-5.855993745473853096e-06
7.346198632285361185e-05
3.017090444040748665e-05
-1.719500513461258429e-04
-1.471317448653586268e-05
2.369674347302286321e-06
3.967122845222048610e-05
1.673410485022452932e-04
1.797555457816457647e-06
-1.192337709282620395e-05
2.655781218385833142e-04
-8.097302812148932105e-07
8.646897892483629278e-06
9.652771421564398935e-06
-1.637048804608576269e-04
-2.503732790974932954e-04
-1.142879846205424599e-06
7.766205234072121044e-06
-2.222081851854795786e-08
1.942043460823050793e-06
2.196262727316433683e-05
-1.112062371355637680e-06
-1.594160775325037527e-04
5.462755990337520018e-07
2.052991398450165761e-04
-1.894734920744323148e-04
6.621898317293872793e-06
-8.390504741717652593e-06
-6.562166509627154198e-07
6.729622262117707088e-04
5.962237971668393754e-07
-9.532565256598068970e-06
-1.559566573693382807e-04
-9.503858064913162096e-05
-5.550604162096739458e-05
3.014533174217071121e-05
1.401363802777666479e-09
-6.955147291615171312e-05
-1.203652619096162724e-04
-4.118032553845907273e-08
-1.050074699530667566e-04
-1.237170895060923925e-04
-6.455469466015717472e-05
-4.365050226107225484e-06
-3.538530692109853604e-05
1.572040172219124621e-04
-8.381167878601658572e-07
6.875456492527742824e-06
4.819655476662187965e-06
5.113577141613312449e-06
8.549799503931865274e-07
-6.332193779717831816e-05
-9.998391226062608439e-09
9.295410530019143636e-06
1.869114791219761429e-06
1.966027384225910168e-07
-1.162874173621375462e-07
-5.117999863246680547e-05
4.669436651671965421e-06
1.756171079605728380e-02
-3.108523173828148245e-05
2.394229319746532525e-06
2.116315198086304861e-07
6.029643295052400376e-05
1.217434271200135143e-05
3.081225291673428401e-05
7.937009788405724464e-05
-2.110470012114395999e-04
-1.055602159560908859e-05
1.842921309724854240e-06
-2.432811764763176399e-06
-2.278421436241462317e-05
2.812852268885279727e-06
-7.479936426135758154e-06
-7.078619646938566490e-06
-1.569683745672456610e-05
-1.833080639557227443e-06
-2.014324573001990970e-05
-1.217406372377993762e-07
1.451043972700016838e-06
3.930358341119877252e-06
